3.1484743737
  7474838303
  8324784829
  783294327492874329875932175983273927493274921740927409327409327
759375327409324023840932840921840982409832094832084203984032840238
8093275987759327509318493284093285709321753092849328409321840921840928
759327509217409328409328409321840293840932840219840932757509215325901275
  783294327492874329875932175983273927493274921740927409327409327
759375327409324023840932840921840982409832094832084203984032840238
8093275987759327509318493284093285709321753092849328409321840921840928
759327509217409328409328409321840293840932840219840932757509215325901275
  783294327492874329875932175983273927493274921740927409327409327
759375327409324023840932840921840982409832094832084203984032840238
8093275987759327509318493284093285709321753092849328409321840921840928
759327509217409328409328409321840293840932840219840932757509215325901275
  783294327492874329875932175983273927493274921740927409327409327
759375327409324023840932840921840982409832094832084203984032840238
8093275987759327509318493284093285709321753092849328409321840921840928
759327509217409328409328409321840293840932840219840932757509215325901275
  783294327492874329875932175983273927493274921740927409327409327
759375327409324023840932840921840982409832094832084203984032840238
8093275987759327509318493284093285709321753092849328409321840921840928
759327509217409328409328409321840293840932840219840932757509215325901275
  783294327492874329875932175983273927493274921740927409327409327
759375327409324023840932840921840982409832094832084203984032840238
8093275987759327509318493284093285709321753092849328409321840921840928
759327509217409328409328409321840293840932840219840932757509215325901275
  783294327492874329875932175983273927493274921740927409327409327
759375327409324023840932840921840982409832094832084203984032840238
8093275987759327509318493284093285709321753092849328409321840921840928
759327509217409328409328409321840293840932840219840932757509215325901275
  783294327492874329875932175983273927493274921740927409327409327
759375327409324023840932840921840982409832094832084203984032840238
8093275987759327509318493284093285709321753092849328409321840921840928
759327509217409328409328409321840293840932840219840932757509215325901275
  783294327492874329875932175983273927493274921740927409327409327
759375327409324023840932840921840982409832094832084203984032840238
8093275987759327509318493284093285709321753092849328409321840921840928
759327509217409328409328409321840293840932840219840932757509215325901275
  783294327492874329875932175983273927493274921740927409327409327
759375327409324023840932840921840982409832094832084203984032840238
8093275987759327509318493284093285709321753092849328409321840921840928
759327509217409328409328409321840293840932840219840932757509215325901275
  783294327492874329875932175983273927493274921740927409327409327
759375327409324023840932840921840982409832094832084203984032840238
8093275987759327509318493284093285709321753092849328409321840921840928
759327509217409328409328409321840293840932840219840932757509215325901275
  783294327492874329875932175983273927493274921740927409327409327
759375327409324023840932840921840982409832094832084203984032840238
8093275987759327509318493284093285709321753092849328409321840921840928
759327509217409328409328409321840293840932840219840932757509215325901275
  783294327492874329875932175983273927493274921740927409327409327
759375327409324023840932840921840982409832094832084203984032840238
8093275987759327509318493284093285709321753092849328409321840921840928
759327509217409328409328409321840293840932840219840932757509215325901275
  783294327492874329875932175983273927493274921740927409327409327
759375327409324023840932840921840982409832094832084203984032840238
8093275987759327509318493284093285709321753092849328409321840921840928
759327509217409328409328409321840293840932840219840932757509215325901275
  783294327492874329875932175983273927493274921740927409327409327
759375327409324023840932840921840982409832094832084203984032840238
8093275987759327509318493284093285709321753092849328409321840921840928
759327509217409328409328409321840293840932840219840932757509215325901275
  783294327492874329875932175983273927493274921740927409327409327
759375327409324023840932840921840982409832094832084203984032840238
8093275987759327509318493284093285709321753092849328409321840921840928
759327509217409328409328409321840293840932840219840932757509215325901275
  783294327492874329875932175983273927493274921740927409327409327
759375327409324023840932840921840982409832094832084203984032840238
8093275987759327509318493284093285709321753092849328409321840921840928
759327509217409328409328409321840293840932840219840932757509215325901275